func(0) = 380/45
Cipher = [16.210526315789473, 14.857142857142858, 14.962962962962962, 14.222222222222221, 14.318840579710145, 14.666666666666666, 14.461538461538462, 14.857142857142858, 14.253521126760564, 14.285714285714285, 14.051282051282051, 16.102564102564102, 14.711864406779661, 38.66666666666667, 15.2, 14.318840579710145, 34.85714285714286, 14.666666666666666, 16.848484848484848, 15.2, 14.162162162162161, 20.0, 32.0, 15.2, 17.517241379310345, 14.222222222222221, 32.0, 14.253521126760564, 15.2, 20.421052631578945, 14.711864406779661, 38.66666666666667, 15.076923076923077, 18.956521739130434, 14.0]
